 1.0004230     0.0024611
 1.0001728     0.0025160
 0.9994324     0.0026814
 0.9982018     0.0029593
 0.9964809     0.0033524
 0.9942597     0.0038648
 0.9915583     0.0045014
 0.9883766     0.0052678
 0.9847047     0.0061701
 0.9805625     0.0072146
 0.9759401     0.0084073
 0.9708474     0.0097544
 0.9652946     0.0112612
 0.9592814     0.0129317
 0.9528081     0.0147702
 0.9458945     0.0167784
 0.9385407     0.0189564
 0.9307567     0.0213032
 0.9225425     0.0238167
 0.9139181     0.0264902
 0.9048835     0.0293175
 0.8954488     0.0322898
 0.8856238     0.0353960
 0.8754187     0.0386233
 0.8648335     0.0419566
 0.8538980     0.0453811
 0.8426125     0.0488797
 0.8309968     0.0524325
 0.8190409     0.0560216
 0.8067750     0.0596269
 0.7942089     0.0632296
 0.7813527     0.0668087
 0.7682165     0.0703453
 0.7548201     0.0738213
 0.7411737     0.0772189
 0.7272872     0.0805221
 0.7131706     0.0837159
 0.6988440     0.0867853
 0.6843273     0.0897206
 0.6696306     0.0925106
 0.6547639     0.0951484
 0.6397472     0.0976261
 0.6245804     0.0999417
 0.6093036     0.1020893
 0.5939168     0.1040699
 0.5784401     0.1058805
 0.5628833     0.1075312
 0.5472566     0.1090221
 0.5315999     0.1103431
 0.5159032     0.1115144
 0.5001866     0.1125358
 0.4844700     0.1134076
 0.4687735     0.1141397
 0.4531171     0.1147321
 0.4374907     0.1151849
 0.4219344     0.1155082
 0.4064581     0.1157119
 0.3910720     0.1157761
 0.3757959     0.1157208
 0.3606299     0.1155360
 0.3456141     0.1152218
 0.3307483     0.1147882
 0.3160526     0.1142152
 0.3015370     0.1135129
 0.2872116     0.1126611
 0.2730963     0.1116801
 0.2592111     0.1105498
 0.2455660     0.1092702
 0.2321710     0.1078413
 0.2190362     0.1062632
 0.2061815     0.1045258
 0.1936169     0.1026193
 0.1813525     0.1005635
 0.1693982     0.0983495
 0.1577840     0.0959744
 0.1465000     0.0934451
 0.1355662     0.0907636
 0.1249824     0.0879350
 0.1147789     0.0849642
 0.1049555     0.0818584
 0.0955242     0.0786244
 0.0864891     0.0752703
 0.0778621     0.0718051
 0.0696523     0.0682387
 0.0618677     0.0645783
 0.0545152     0.0608358
 0.0476019     0.0570203
 0.0411367     0.0531396
 0.0351237     0.0492029
 0.0295698     0.0452200
 0.0244801     0.0411972
 0.0198596     0.0371422
 0.0157132     0.0330622
 0.0120460     0.0289611
 0.0088593     0.0248450
 0.0061578     0.0207168
 0.0039439     0.0165806
 0.0022197     0.0124393
 0.0009869     0.0082940
 0.0002468     0.0041472
-0.0000000    -0.0000000
 0.0002466    -0.0026311
 0.0009863    -0.0052175
 0.0022183    -0.0077152
 0.0039413    -0.0100826
 0.0061538    -0.0122818
 0.0088535    -0.0142800
 0.0120380    -0.0160492
 0.0157028    -0.0175683
 0.0198464    -0.0188233
 0.0244639    -0.0198052
 0.0295502    -0.0205121
 0.0351003    -0.0209489
 0.0411093    -0.0211247
 0.0475701    -0.0210533
 0.0544788    -0.0207539
 0.0618263    -0.0202454
 0.0696057    -0.0195498
 0.0778099    -0.0186911
 0.0864309    -0.0176904
 0.0954598    -0.0165675
 0.1048845    -0.0153425
 0.1147011    -0.0140313
 0.1248975    -0.0126471
 0.1354738    -0.0111997
 0.1464000    -0.0096972
 0.1576759    -0.0081440
 0.1692818    -0.0065425
 0.1812275    -0.0048935
 0.1934831    -0.0031969
 0.2060385    -0.0014519
 0.2188838     0.0003414
 0.2320090     0.0021823
 0.2453940     0.0040678
 0.2590289     0.0059931
 0.2729037     0.0079507
 0.2870084     0.0099298
 0.3013229     0.0119180
 0.3158274     0.0138997
 0.3305117     0.0158547
 0.3453659     0.0177651
 0.3603701     0.0196089
 0.3755241     0.0213631
 0.3907880     0.0230068
 0.4061619     0.0245200
 0.4216256     0.0258827
 0.4371693     0.0270790
 0.4527829     0.0280968
 0.4684265     0.0289242
 0.4841099     0.0295573
 0.4998134     0.0299941
 0.5155167     0.0302376
 0.5312001     0.0302948
 0.5468434     0.0301768
 0.5624567     0.0298977
 0.5779999     0.0294734
 0.5934631     0.0289220
 0.6088364     0.0282646
 0.6240996     0.0275212
 0.6392528     0.0267108
 0.6542561     0.0258535
 0.6691093     0.0249663
 0.6837926     0.0240654
 0.6982960     0.0231616
 0.7126094     0.0222671
 0.7267128     0.0213869
 0.7405863     0.0205260
 0.7542199     0.0196856
 0.7676035     0.0188657
 0.7807272     0.0180622
 0.7935711     0.0172723
 0.8061250     0.0164890
 0.8183791     0.0157074
 0.8303232     0.0149204
 0.8419275     0.0141253
 0.8532020     0.0133149
 0.8641265     0.0124883
 0.8747013     0.0116427
 0.8848962     0.0107779
 0.8947112     0.0098972
 0.9041364     0.0090025
 0.9131619     0.0080988
 0.9217775     0.0071931
 0.9299833     0.0062915
 0.9377593     0.0054019
 0.9451055     0.0045320
 0.9520119     0.0036900
 0.9584786     0.0028831
 0.9644854     0.0021183
 0.9700326     0.0014019
 0.9751199     0.0007388
 0.9797375     0.0001333
 0.9838753    -0.0004114
 0.9875434    -0.0008933
 0.9907217    -0.0013110
 0.9934203    -0.0016639
 0.9956391    -0.0019518
 0.9973582    -0.0021751
 0.9985876    -0.0023341
 0.9993272    -0.0024294
 0.9995770    -0.0024611
